1937511
1937512
1937514
1937515
1937516
1937518
1937519
1937520
1937521
1937522
1937523
1937524
1937525
1937526
1937527
1937528
1937529
1937530
1937531
1937532
1937533
1937534
1937540
1937541
1937542
1937543
1937544
1937545
1937546
1937547
1937548
1937549
1937550
1937552
1937553
1937555
1937557
1937559
1937560
1937562
1937538
1937539
1937551
1937563
1937566
1937554
1937568
1937556
1937558
1937570
1937561
1937571
1937573
1937574
1937564
1937576
1937577
1937565
1937580
1937567
1937582
1937510
1937535
1937536
1937537